#TITLE:PRETTY GREEN ONIONS;
#SUBTITLE:;
#ARTIST:DJ Sharpnel;
#TITLETRANSLIT:;
#SUBTITLETRANSLIT:;
#ARTISTTRANSLIT:;
#CREDIT:;
#BANNER:lawl-bn.JPG;
#BACKGROUND:lawl-bg.JPG;
#LYRICSPATH:;
#CDTITLE:cdtitle.PNG;
#MUSIC:08. PRETTY GREEN ONIONS.ogg;
#OFFSET:-0.446;
#SAMPLESTART:124.430;
#SAMPLELENGTH:10.000;
#SELECTABLE:YES;
#DISPLAYBPM:185.000;
#BPMS:0.000=193.521;
#STOPS:;
#BGCHANGES:;

//---------------dance-single - ----------------
#NOTES:
     dance-single:
     :
     Hard:
     12:
     1.000,1.000,1.000,0.389,0.756:  // measure 1
0000
0000
0000
0000
,  // measure 2
0000
0000
0000
0000
,  // measure 3
0000
0000
0000
0000
,  // measure 4
0001
0000
0000
0000
0000
0000
0100
0000
0000
0000
0000
0000
0001
0000
0000
1000
0000
0000
0001
0000
0000
0000
0000
0000
1000
0000
0100
0000
0010
0000
0001
0000
0000
0000
0000
0000
0220
0000
0000
0000
0000
0000
0000
0000
0000
0000
0330
0000
,  // measure 5
1001
0000
0010
0100
0010
0000
0001
0000
0000
0000
1000
0100
0000
0001
0010
0100
,  // measure 6
0001
0000
0010
1000
0010
0000
1000
0000
0000
0000
0010
0100
0000
0010
1000
0100
,  // measure 7
0001
0000
1000
0001
1000
0000
0010
0000
0000
0000
1000
0100
0000
0001
0100
0010
,  // measure 8
1000
0000
0001
0100
0001
0000
0010
0000
0000
0000
0100
0010
0000
0100
0010
0100
,  // measure 9
0001
0000
1000
0100
1000
0000
0010
0000
0000
0000
0100
1000
0000
0010
0100
0001
,  // measure 10
1000
0000
0100
0001
0100
0000
1000
0000
0000
0000
0010
0100
0000
0001
0100
0010
,  // measure 11
0100
0000
0001
0010
0001
0000
0100
0000
0000
0000
0001
1000
0000
0001
0100
0010
,  // measure 12
1000
0000
0000
0000
0000
0000
1000
0000
0000
0000
0000
0000
1000
0000
0000
0001
0000
0000
1000
0000
0000
0000
0000
0000
0001
0000
0010
0000
0200
0000
1300
0000
0000
0000
0000
0000
2002
0000
0000
0000
0000
0000
0000
0000
3003
0000
0000
0000
,  // measure 13
0110
0000
0001
0100
0001
0000
1000
0000
0000
0000
0010
1000
0000
0010
1000
0100
,  // measure 14
0001
0000
0100
0010
0100
0000
0001
0000
0000
0000
1000
0001
0000
0100
0001
1000
,  // measure 15
0010
0000
1000
0100
0010
0000
1000
0000
0000
0000
0001
0100
0000
0001
1000
0100
,  // measure 16
0010
0000
0100
0001
0100
0000
0010
0000
0000
0000
1000
0010
0000
0100
0001
0010
,  // measure 17
1000
0000
0010
0100
0001
0000
0100
0000
0000
0000
0010
0100
0000
0010
0001
1000
,  // measure 18
0010
0000
0100
0001
0010
0000
0100
0000
0000
0000
0001
0100
0000
0010
1000
0010
,  // measure 19
0100
0000
0001
0100
0010
0000
0100
0000
0000
0000
1000
0100
0000
0010
0100
0001
,  // measure 20
1000
0000
0000
0000
0000
0000
1000
0000
0000
0000
0000
0000
1000
0000
0000
0010
0000
0000
1000
0000
0000
0000
0000
0000
0001
0000
0010
0000
0100
0000
1000
0000
0000
0000
0000
0000
2002
0000
0000
0000
0000
0000
0000
0000
3003
0000
0000
0000
,  // measure 21
1100
0010
0001
0000
1100
0010
0001
0000
0220
0330
0022
0033
2200
3300
0022
0033
,  // measure 22
1001
0010
0100
0000
1001
0010
0100
0000
2020
3030
0202
0303
0220
0330
2002
3003
,  // measure 23
0110
1000
0100
0000
0110
1000
0100
0000
0022
0033
0220
0330
2200
3300
0022
0033
,  // measure 24
1010
0100
0001
0000
1010
0100
0001
0000
0220
0330
0022
0033
2200
3300
0220
0330
,  // measure 25
0101
1000
0010
0000
0101
1000
0010
0000
2200
3300
0220
0330
2002
3003
2200
3300
,  // measure 26
0110
0001
0100
0000
0110
0001
0100
0000
0202
0303
2020
3030
2200
3300
0022
0033
,  // measure 27
1001
0010
0100
0000
1001
0010
0100
0000
0202
0303
2020
3030
0022
0033
2200
3300
,  // measure 28
0001
0000
0000
0000
0000
0000
0001
0000
0000
0000
0000
0000
0001
0000
0000
1000
0000
0000
0001
0000
0000
0000
0000
0000
1000
0000
0100
0000
0010
0000
0001
0000
0000
0000
0000
0000
2200
0000
0000
0000
0000
0000
0000
0000
0000
0000
3300
0000
,  // measure 29
0011
0000
1000
0100
0011
0000
0100
0000
1010
0000
0001
0100
0011
1000
0001
0100
,  // measure 30
0011
0000
0100
1000
0101
0000
0100
0000
1001
0000
0001
0100
1001
0010
1000
0001
,  // measure 31
0110
0000
1000
0010
0101
0000
1000
0000
0011
0000
0100
0010
1100
0010
0001
0100
,  // measure 32
1001
0000
0010
0100
0011
0000
0100
0000
1010
0000
0001
1000
0110
0001
0100
0010
,  // measure 33
1001
1001
1001
1001
1001
1001
1001
1001
,  // measure 34
0100
0010
0100
0010
1000
0001
1000
0001
0100
0001
0100
0001
1000
0010
1000
0010
,  // measure 35
1000
0100
0010
0000
0001
0010
0100
0000
1000
0100
0010
0000
0001
0010
0100
0000
1000
0100
0010
0000
0001
0010
0100
0000
1000
0100
0010
0000
0001
0010
0100
0000
,  // measure 36
1001
0000
0000
0000
0000
0000
0110
0000
0000
0000
0000
0000
1001
0100
0010
0001
0000
0000
2002
0000
0000
0000
3003
0000
,  // measure 37
0011
0000
1000
0001
0000
1000
0001
0000
1100
0000
1100
0000
0011
0000
0011
0000
,  // measure 38
0100
0000
0010
0100
0000
0010
0100
0000
1010
0000
1010
0000
0101
0000
0101
0000
,  // measure 39
0010
0000
0001
0100
0000
0001
0100
0000
0110
0000
0110
0000
1100
0000
1100
0000
,  // measure 40
0001
0000
0010
1000
0000
0010
1000
0000
0011
0000
0011
0000
1010
0000
1010
0000
,  // measure 41
0001
0000
0100
0010
0000
0010
0100
0000
0011
0000
1100
0000
0110
0000
1100
0000
,  // measure 42
0001
0000
1000
0010
0000
0010
1000
0000
1010
0000
0011
0000
0110
0000
1010
0000
,  // measure 43
0001
0000
0100
0001
0000
0001
0100
0000
0011
0000
0110
0000
1010
0000
0110
0000
,  // measure 44
1000
0000
0100
0010
0000
0010
0100
0000
0011
0000
0110
0000
1001
0000
0110
0000
,  // measure 45
1001
0000
0010
0001
0000
0001
0010
0000
1010
0000
0011
0000
0110
0000
1010
0000
,  // measure 46
0001
0000
0100
0001
0000
0001
0100
0000
0011
0000
0110
0000
0011
0000
1010
0000
,  // measure 47
0100
0000
0001
1000
0000
1000
0001
0000
0011
0000
1100
0000
0011
0000
1100
0000
,  // measure 48
0010
0000
0100
0001
0000
0001
0100
0000
1010
0000
0101
0000
0011
0000
1100
0000
,  // measure 49
0010
0000
1000
0010
0000
0010
1000
0000
0110
0000
0011
0000
1100
0000
0110
0000
,  // measure 50
0001
0000
1000
0100
0000
0100
0010
0000
0011
0000
0110
0000
1001
0000
1010
0000
,  // measure 51
0001
0000
0100
0010
0000
1000
0010
0000
0011
0000
0110
0000
1100
0000
0110
0000
,  // measure 52
1001
0000
0000
0000
0000
0000
0000
0000
0000
0000
0000
0000
0001
0010
0100
1000
0000
0000
0022
0000
0000
0000
0033
0000
,  // measure 53
1100
0000
0001
1100
0000
0001
1100
0000
0011
0000
0100
0000
1010
0000
0100
0000
,  // measure 54
1010
0000
0100
0011
0000
0100
0011
0000
1010
0000
0100
0000
0011
0000
0100
0000
,  // measure 55
1001
0000
0100
1001
0000
0100
1001
0000
0110
0000
0001
0000
1010
0000
0001
0000
,  // measure 56
1100
0000
0001
0110
0000
0001
0110
0000
0011
0000
0100
0000
1100
0000
0010
0000
,  // measure 57
1100
0000
0010
0101
0000
0010
0101
0000
0110
0000
1000
0000
0101
0000
0010
0000
,  // measure 58
0011
0000
1000
0110
0000
1000
0110
0000
0011
0000
1000
0000
0110
0000
1000
0000
,  // measure 59
0101
0000
0010
1100
0000
0010
1100
0000
1010
0000
0100
0000
0011
0000
1000
0000
,  // measure 60
0101
0000
1000
0011
0000
1000
0011
0000
0110
0000
0100
0000
0011
0000
0100
0000
,  // measure 61
1001
0000
0010
1100
0000
0010
1100
0000
0110
0000
0101
0000
1010
0000
1001
0000
,  // measure 62
0011
0000
1000
0110
0000
1000
0110
0000
0101
0000
0110
0000
0101
0000
1010
0000
,  // measure 63
0110
0000
1000
0101
0000
1000
0101
0000
0011
0000
0110
0000
0011
0000
1100
0000
,  // measure 64
0101
0000
0010
1001
0000
0010
1001
0000
0110
0000
1100
0000
0011
0000
0110
0000
,  // measure 65
1001
0000
0010
1001
0000
0010
1001
0000
0110
0000
1010
0000
0011
0000
1100
0000
,  // measure 66
0011
0100
0010
0100
0010
0100
1000
0001
1000
0001
1000
0001
0100
0010
1000
0001
,  // measure 67
1000
0100
0010
0000
0001
0010
0100
0000
1000
0100
0010
0000
0001
0010
0100
0000
1000
0100
0010
0000
0001
0010
0100
0000
1000
0100
0010
0000
0001
0010
0100
0000
,  // measure 68
1001
0000
0000
0000
0000
0000
0000
0000
0000
0000
0000
0000
1000
0100
0010
0001
0000
0000
2002
0000
0000
0000
3003
0000
,  // measure 69
0001
0000
0010
0000
1000
0000
0010
0001
,  // measure 70
1000
0000
0100
0001
0100
0000
0001
0000
,  // measure 71
1000
0000
0001
0100
0001
0000
0100
0000
,  // measure 72
0001
1000
0010
0100
,  // measure 73
1000
0010
0100
0001
0100
0000
0001
0000
,  // measure 74
0100
0000
1000
0001
0100
0010
0100
0000
,  // measure 75
0001
1000
0010
0000
0100
0000
0001
0000
,  // measure 76
1000
0010
0100
0000
0001
0000
1001
0000
,  // measure 77
1001
0000
0010
0000
0100
0000
0001
0100
,  // measure 78
1000
0000
0001
0100
0001
0000
1000
0000
,  // measure 79
0100
0000
1000
0100
0010
0000
1000
0000
,  // measure 80
0001
0100
0010
1000
,  // measure 81
0001
0100
0010
0100
0001
0000
1000
0000
,  // measure 82
0010
0000
0100
0001
0100
0010
0100
0000
,  // measure 83
1000
0001
0100
0000
0010
0000
1000
0000
,  // measure 84
0010
0000
0100
0000
0001
0000
0000
0000
1000
0001
1000
0001
1100
0000
0011
0000
,  // measure 85
1001
0000
0100
0000
0001
0000
1000
0001
,  // measure 86
0100
0000
0010
0000
0100
0000
0001
0010
,  // measure 87
1000
0000
0001
0000
1000
0000
0001
1000
,  // measure 88
0001
0000
0000
0000
1000
0000
0000
0000
0100
0000
0001
1000
0001
0000
0100
0000
,  // measure 89
0001
1000
0001
1000
,  // measure 90
0001
1000
0001
1000
,  // measure 91
0001
1000
0001
1000
,  // measure 92
0001
0001
1000
1000
1000
0000
1001
0000
,  // measure 93
1001
0010
0010
0010
,  // measure 94
0010
0010
0010
1000
,  // measure 95
0010
0010
0010
0010
0010
0010
0010
0010
,  // measure 96
0010
0010
0010
0010
0010
0010
1000
1000
,  // measure 97
1000
0100
1000
0100
0001
0100
0001
0100
0010
0100
0010
0100
1000
0100
1000
0100
,  // measure 98
0010
0100
0010
0001
0010
0001
0010
0100
0010
0100
1000
0100
1000
0100
0010
0001
,  // measure 99
2200
0000
0001
0000
0001
0000
0001
0000
0001
0000
0001
0000
0001
0000
0001
3300
,  // measure 100
1001
0000
0000
0000
1000
0000
0000
0000
0001
0000
0100
0010
1001
0000
1001
0000
,  // measure 101
0110
0000
0110
0000
0001
0000
1000
0010
0100
0010
1000
0000
0011
0000
0000
0000
,  // measure 102
1001
0000
1001
0000
0010
0000
0001
0100
0010
1000
0001
0000
0110
0000
0000
0000
,  // measure 103
1100
0000
1100
0000
0010
0000
0100
0001
0100
0010
0100
0000
0011
0000
0000
0000
,  // measure 104
0110
0000
0110
0000
0001
0000
0010
1000
0100
1000
0010
0000
1100
0000
0000
0000
,  // measure 105
0101
0000
0101
0000
0010
0000
1000
0001
0100
0001
1000
0000
0110
0000
0000
0000
,  // measure 106
1010
0000
1010
0000
0001
0000
1000
0010
0100
0001
0100
0000
1001
0000
0000
0000
,  // measure 107
1001
0000
1001
0000
0100
0000
0001
0100
0010
0100
0010
0000
1001
0000
0000
0000
,  // measure 108
1100
0000
1100
0000
0010
0000
1000
0001
0100
0001
1000
0000
0110
0000
0000
0000
,  // measure 109
0011
0000
0011
0000
1000
0000
0001
0100
0010
1000
0001
0000
1100
0000
0000
0000
,  // measure 110
0110
0000
0110
0000
1000
0000
0100
0010
1000
0001
0100
0000
0011
0000
0000
0000
,  // measure 111
1001
0000
1001
0000
0010
0000
0100
0010
1000
0001
0100
0000
1001
0000
0000
0000
,  // measure 112
0101
0000
0101
0000
1000
0000
0001
0010
0001
0010
0100
0000
1001
0000
0000
0000
,  // measure 113
1001
0000
1001
0000
0100
0000
1000
0100
1000
0100
0010
0000
1001
0000
0000
0000
,  // measure 114
1010
0000
1010
0000
0001
0000
0100
0010
0100
0010
0001
0000
1100
0000
0000
0000
,  // measure 115
0011
0000
0011
0000
1000
0000
0001
0010
0100
0010
0001
0000
1100
0000
0000
0000
,  // measure 116
0101
0000
0101
0000
0010
0000
1000
0100
0010
0100
1000
0000
1001
0000
0000
0000
,  // measure 117
1001
0000
1001
0000
0100
0000
0001
0010
0001
0010
0001
0000
1100
0000
0000
0000
,  // measure 118
1001
0000
1001
0000
0010
0000
1000
0100
1000
0100
1000
0000
0110
0000
0000
0000
,  // measure 119
0101
0000
0101
0000
1000
0000
0001
0100
0001
0100
0001
0000
0110
0000
0000
0000
,  // measure 120
1010
0000
1010
0000
0001
0000
0100
0010
0100
0010
0100
0000
1001
0000
0000
0000
,  // measure 121
0011
0000
0011
0000
1000
0000
0001
0100
0001
1000
0001
0000
0110
0000
0000
0000
,  // measure 122
0110
0000
0110
0000
0001
0000
1000
0100
0001
0100
1000
0000
0110
0000
0000
0000
,  // measure 123
1001
0000
1001
0000
0100
0000
0001
0010
1000
0010
0001
0000
0110
0000
0000
0000
,  // measure 124
0110
0000
0110
0000
1000
0000
0001
0100
0010
1000
0001
0000
0110
0000
1000
0000
,  // measure 125
0011
0000
1000
0000
1000
0000
0000
1000
,  // measure 126
1000
0100
0010
0100
0001
0000
0001
0100
,  // measure 127
0010
1000
0010
0100
,  // measure 128
0001
0000
0100
0000
0001
0000
0001
0001
,  // measure 129
0100
0000
0001
0000
0001
0000
0000
1000
,  // measure 130
0001
0010
0001
1000
0010
0100
0010
1000
0001
0100
0001
1000
0001
1000
0010
1000
,  // measure 131
0001
0010
0100
0000
1000
0100
0010
0000
0001
0010
0100
0000
1000
0100
0010
0000
0001
0010
0100
0000
1000
0100
0010
0000
0001
0010
0100
0000
1000
0100
0010
0000
,  // measure 132
1001
0000
0000
0000
0000
0100
1001
1001
,  // measure 133
1001
0010
1001
0010
1100
0001
0110
1010
,  // measure 134
0101
1000
0110
1100
0110
1000
0011
0010
,  // measure 135
0101
0100
0110
1001
0110
0100
0011
0001
,  // measure 136
1010
0000
0001
0000
0110
0000
0010
0000
1100
0000
0110
0000
0011
0000
0100
0010
,  // measure 137
1100
0011
1100
0011
1100
1000
0011
0010
,  // measure 138
0110
1000
0101
0110
0101
1010
0110
0010
,  // measure 139
0101
0110
1100
0010
0011
1000
0110
0001
,  // measure 140
1100
0000
0011
0000
0110
0000
0110
0000
0110
0000
1000
0100
0011
0000
0100
0010
,  // measure 141
1001
0100
0011
1000
0110
0010
0101
0110
,  // measure 142
1010
1000
0110
0011
1100
0001
0110
1000
,  // measure 143
0101
0010
1001
0110
1001
0001
0101
1000
,  // measure 144
0110
0000
0001
0000
1010
0000
0010
0000
1100
0000
0011
0000
0110
0000
0001
0100
,  // measure 145
1010
0101
1010
0101
1010
1000
0011
0100
,  // measure 146
0110
0001
1100
0011
1100
0011
1100
0100
,  // measure 147
0011
0110
0101
0001
1100
1000
0110
0001
,  // measure 148
1100
0010
0001
0000
1100
0000
0011
0000
0101
0000
1000
0100
0011
0000
0100
0010
,  // measure 149
1001
0100
0011
1000
0110
0001
1100
0110
,  // measure 150
0011
0010
1100
0011
0110
0100
0011
0010
,  // measure 151
1100
1000
0011
1100
0110
0010
0011
0001
,  // measure 152
0110
0000
1000
0000
0011
0000
0100
0000
1100
0000
0011
0000
0110
0000
1000
0100
,  // measure 153
0011
1100
0011
1100
0011
0100
0110
0001
,  // measure 154
0011
0010
1100
0110
0011
0110
1100
1000
,  // measure 155
0011
0101
1010
0001
0110
1000
0011
0100
,  // measure 156
1001
0010
1001
0010
1001
0000
0100
0000
0110
0000
0001
0010
1100
0000
0001
0010
,  // measure 157
1100
0010
0011
0100
0011
0010
0001
0110
,  // measure 158
0011
0110
1001
0011
0110
0100
1100
0110
,  // measure 159
0011
0001
1100
0010
0110
0100
1010
0001
,  // measure 160
1001
0000
1000
0000
0101
0000
0010
0000
0110
0000
1100
0000
0011
0000
0100
0010
,  // measure 161
1001
0010
1100
0001
1100
0010
0100
0011
,  // measure 162
1010
0001
1100
0011
0100
0011
0110
1100
,  // measure 163
0110
0002
2003
3002
2003
3000
0220
0330
,  // measure 164
1001
0000
0000
0000
0000
0000
0110
0000
0000
0000
0000
0000
1000
0100
0010
0001
0000
0000
2002
0000
0000
0110
3003
0000
,  // measure 165
1001
0000
0000
0000
;
